001	PRODAVAONA 1 VARAŽDIN	40.170,32	78.566,32	7.131,1816
002	PRODAVAONA 2 VARAŽDIN	104.400,44	204.189,5	17.080,066
003	PRODAVAONA 3 GARDINOVEC	77.548,76	151.672,19	14.373,762
004	PRODAVAONA 4 LUDBREG	58.133,566	113.699,375	9.749,156
005	PRODAVAONA 5 VARAŽDIN	71.089,28	139.038,55	13.222,074
006	PRODAVAONA 6 KLJUČ	50.148,523	98.081,984	8.551,399
007	PRODAVAONA 7 HRASTOVLJAN	115.869,16	226.620,38	20.760,459
008	PRODAVAONA 8 OREHOVICA	0,29	0,5671907	1,0
009	PRODAVAONA 9 MARČAN	168.582,39	329.718,5	28.921,041
010	RIVER PUB RESTORAN	0,0	0,0	0,0
011	PRODAVAONA 11 DOMAŠINEC	115.942,47	226.763,75	18.524,438
012	PRODAVAONA 12 MACINEC	120.308,234	235.302,45	19.092,402
013	PRODAVAONA 13 VARAŽDIN	170.241,89	332.964,2	33.007,355
014	PRODAVAONA 14 NOVA VES	60.569,617	118.463,875	9.823,191
015	PRODAVAONA 15 DEKANOVEC	128.483,27	251.291,44	20.966,3
016	PRODAVAONA 16 PEKLENICA	56.866,92	111.222,03	9.625,286
017	PRODAVAONA 17 CESTICA	52.463,777	102.610,23	9.739,444
018	RIVER PUB CAFFE BAR	3.846,0	7.522,122	160,0
019	PRODAVAONA 19 SLANJE	70.592,336	138.066,61	11.514,792
020	PRODAVAONA 20 VARAŽDIN	464.596,06	908.670,94	76.439,91
021	PRODAVAONA 21 VARAŽDINSKE TOPLICE	67.278,32	131.584,95	10.572,135
022	PRODAVAONA 22 GORIČAN	196.873,17	385.050,44	32.777,875
023	PRODAVAONA 23 DONJE VRATNO	69.467,41	135.866,44	11.476,291
024	PRODAVAONA 24 MARTIN NA MURI	134.110,23	262.296,8	20.021,463
025	PRODAVAONA 25 IVANEC	75.727,49	148.110,1	12.484,423
026	PRODAVAONA 26 ŠTRIGOVA	74.307,17	145.332,19	11.648,454
027	PRODAVAONA 27 GORNJI KNEGINEC	44.864,97	87.748,25	8.130,8823
028	PRODAVAONA 28 KORETINEC	69.345,086	135.627,2	11.940,53
029	PRODAVAONA 29 SVETI PETAR	136.617,38	267.200,34	22.502,723
031	PRODAVAONA 31 NOVAKOVEC	76.596,29	149.809,31	12.020,064
032	PRODAVAONA 32 TOTOVEC	88.841,59	173.759,05	14.913,045
033	PRODAVAONA 33 DOMAŠINEC	86.276,58	168.742,31	14.381,357
034	PRODAVAONA 34 DONJI KRALJEVEC	100.468,19	196.498,69	16.557,92
035	PRODAVAONA 35 GORNJI KNEGINEC	103.399,445	202.231,73	17.794,354
036	PRODAVAONA 36 KOTORIBA	89.054,07	174.174,62	15.292,125
037	PRODAVAONA 37 MIKLAVEC	95.741,44	187.253,97	16.015,308
038	PRODAVAONA 38 LUDBREG	412.356,0	806.498,25	54.285,09
039	PRODAVAONA 39 NOVI MAROF	283.535,22	554.546,7	39.666,867
040	PRODAVAONA 40 NEDELJANEC	210.536,64	411.773,88	32.097,418
041	PRODAVAONA 41 BELICA	64.004,87	125.182,65	11.557,033
042	PRODAVAONA 42 KAPELA PODRAVSKA	88.278,45	172.657,64	16.010,372
043	PRODAVAONA 43 PEKLENICA	125.130,78	244.734,53	20.240,625
044	PRODAVAONA 44 LEPOGLAVA	158.257,52	309.524,78	22.570,389
045	PRODAVAONA 45 ČALINEC	119.939,54	234.581,34	21.076,83
046	PRODAVAONA 46 VARAŽDIN	113.071,96	221.149,53	22.466,074
047	PRODAVAONA 47 VARAŽDIN	88.383,55	172.863,19	14.903,092
048	PRODAVAONA 48 PALOVEC	142.261,8	278.239,88	24.284,441
049	PRODAVAONA 49 VARAŽDIN	104.002,0	203.410,23	17.486,812
050	PRODAVAONA 50 VARAŽDIN	78.154,164	152.856,25	13.366,256
051	PRODAVAONA 51 TUHOVEC	128.966,305	252.236,17	22.394,031
052	PRODAVAONA 52 VIDOVEC	52.371,062	102.428,89	8.476,1
053	PRODAVAONA 53 DUBOVICA	55.475,598	108.500,836	9.615,873
054	PRODAVAONA 54 ČUKOVEC	93.342,234	182.561,55	14.244,387
055	PRODAVAONA 55 DONJI PUSTAKOVEC	46.407,15	90.764,49	8.214,769
056	PRODAVAONA 56 DONJA DUBRAVA	58.324,32	114.072,45	10.543,738
058	PRODAVAONA 58 SVETA MARIJA	39.792,547	77.827,45	7.085,6416
059	PRODAVAONA 59 GRKAVEŠČAK	54.991,367	107.553,766	11.131,477
060	PRODAVAONA 60 OREHOVICA	0,29	0,5671907	1,0
061	PRODAVAONA 61 LUDBREŠKE SESVETE	94.738,7	185.292,8	17.143,105
062	PRODAVAONA 62 PETERANEC	73.682,336	144.110,12	12.109,543
063	PRODAVAONA 63 SVETI ĐURĐ	103.903,72	203.218,02	19.029,223
064	PRODAVAONA 64 TOMAŠEVEC	51.995,39	101.694,14	7.764,1255
065	PRODAVAONA 65 PUŠČINE	42.405,863	82.938,66	7.916,135
066	PRODAVAONA 66 TRNOVEC	154.530,22	302.234,84	22.980,71
067	PRODAVAONA 67 SIVICA	92.537,86	180.988,31	14.839,318
068	PRODAVAONA 68 HODOŠAN	87.499,664	171.134,47	13.643,962
069	PRODAVAONA 69 OREHOVICA	121.632,57	237.892,62	20.829,463
070	PM sveti Juraj stari	0,0	0,0	0,0
071	PRODAVAONA 71 VRATIŠINEC	54.781,754	107.143,8	10.057,173
072	PRODAVAONA 72 SVETA MARIJA	76.094,5	148.827,9	13.161,818
073	PRODAVAONA 73 DONJI VIDOVEC	107.678,58	210.600,98	18.073,186
074	PRODAVAONA 74 MALI BUKOVEC	110.194,05	215.520,81	18.036,105
075	PRODAVAONA 75 KARLOVEC LUDBREŠKI	44.945,85	87.906,445	7.349,8184
076	PRODAVAONA 76 SV.JURAJ U TRNJU	112.180,945	219.406,86	16.634,908
077	PRODAVAONA 77 GORNJI KNEGINEC	63.295,797	123.795,82	10.852,195
078	PRODAVAONA 78 PALINOVEC	57.733,355	112.916,625	9.822,869
080	PRODAVAONA 80 VARAŽDINSKE TOPLICE	250.959,66	490.834,4	43.410,906
081	PRODAVAONA 81 PODTUREN	177.370,4	346.906,34	31.614,21
084	PRODAVAONA 84 PLEŠKOVEC	73.609,33	143.967,33	12.287,696
086	PRODAVAONA 86 DRNJE	101.113,805	197.761,4	16.109,673
087	PRODAVAONA 87 LEGRAD	90.578,0	177.155,17	15.485,993
088	PRODAVAONA 88 ĐELEKOVEC	92.991,375	181.875,31	14.868,936
089	PRODAVAONA 89 STARIGRAD	79.529,71	155.546,6	13.203,605
090	PRODAVAONA 90 OKRUGLI VRH	75.805,445	148.262,56	13.311,204
093	PRODAVAONA 93 BUDINŠČINA	98.582,77	192.811,14	21.080,115
